866717022941894
866717024552152
866717021393527
866717024734545
866717022744231
866717024636328
866717022808317
866717024672687
866717024531230
869267016531001
866717022790218
869267016612777
866717022926572
866717024529408
866717024763098
866717022929022
866717021392677
866717024683635
866717022919205
869267018779905
866717021371242
866717022852505
866717021403771
866717022812954
866717027261835
866717026876963
866717027606609
866717027405762
866717027456880
866717027558347
866717023029426
866717022780763
866717021413937
869267018733134
866717021379294
866717024753263
866717024764088
866717024636724
866717024667059
866717024735732
866717024524292
866717022815064
866717024603120
866717024639389
866717024557896
866717022865895
866717024756282
866717022870499
869267013914317
866717022875043
866717022989042
866717024620843
866717024675078
866717021391232
869267017296885
866717022737201
866717022773222
866717022766820
866717021405628
869267017688230
866717024518534
866717021360393
866717022995783
866717024569990
866717021392644
866717024728943
866717024710628
866717022803128
866717027290685
866717027248485
866717027362468
866717027581240
866717022846879
869267015843209
866717021366317
869267015941920
866717021359585
866717024552202
866717021370467
866717022940979
866717022840351
869267015598456
869267018412010
866717021356029
866717024639504
866717023032453
866717024665517
866717024545412
866717021375771
866717021378114
866717024573406
866717024617575
869267017152690
869267018909692
866717022735742
866717024578579
866717024674824
866717024684674
866717024613319
866717024702955
866717021413531
866717024677454
866717022931432
866717021370764
866717022944989